null_raster,forest_areas_k10,forest_areas_k100,forest_areas_k1000,motorways_k10,motorways_k100,motorways_k1000
NA,NA,NA,NA,NA,NA,NA
1,1,1,1,1,1,1
3,2.09090909090909,2.00990099009901,2.000999000999,3,3,3
1,1,1,1,1,1,1
1,1,1,1,1,1,1
1,1,1,1,1,1,1
1,1,1,1,1,1,1
4,4,4,4,4,4,4
2,2,2,2,2,2,2
1,1,1,1,1,1,1
1,1,1,1,1,1,1
1,1,1,1,1,1,1
3,3,3,3,3,3,3
4,1.27272727272727,1.02970297029703,1.002997002997,4,4,4
1,0.0909090909090909,0.0099009900990099,0.000999000999000999,1,1,1
1,0.0909090909090909,0.0099009900990099,0.000999000999000999,1,1,1
1,0.0909090909090909,0.0099009900990099,0.000999000999000999,1,1,1
1,0.0909090909090909,0.0099009900990099,0.000999000999000999,1,1,1
4,2.18181818181818,2.01980198019802,2.001998001998,4,4,4
9,0.818181818181818,0.0891089108910891,0.00899100899100899,9,9,9
12,1.09090909090909,0.118811881188119,0.011988011988012,12,12,12
3,0.272727272727273,0.0297029702970297,0.002997002997003,3,3,3
1,0.0909090909090909,0.0099009900990099,0.000999000999000999,1,1,1
1,0.0909090909090909,0.0099009900990099,0.000999000999000999,1,1,1
3,0.272727272727273,0.0297029702970297,0.002997002997003,3,3,3
17,3.36363636363636,2.14851485148515,2.01498501498501,17,17,17
1,1,1,1,1,1,1
1,1,1,1,1,1,1
3,3,3,3,3,3,3
1,1,1,1,1,1,1
1,1,1,1,1,1,1
1,1,1,1,1,1,1
2,2,2,2,2,2,2
3,3,3,3,3,3,3
3,3,3,3,3,3,3
5,1.36363636363636,1.03960396039604,1.003996003996,5,5,5
1,0.0909090909090909,0.0099009900990099,0.000999000999000999,1,1,1
4,1.27272727272727,1.02970297029703,1.002997002997,4,4,4
2,2,2,2,2,2,2
2,2,2,2,2,2,2
1,1,1,1,1,1,1
2,2,2,2,2,2,2
4,1.27272727272727,1.02970297029703,1.002997002997,4,4,4
3,1.18181818181818,1.01980198019802,1.001998001998,3,3,3
3,1.18181818181818,1.01980198019802,1.001998001998,3,3,3
1,0.0909090909090909,0.0099009900990099,0.000999000999000999,1,1,1
1,0.0909090909090909,0.0099009900990099,0.000999000999000999,1,1,1
1,0.0909090909090909,0.0099009900990099,0.000999000999000999,1,1,1
1,0.0909090909090909,0.0099009900990099,0.000999000999000999,1,1,1
1,0.0909090909090909,0.0099009900990099,0.000999000999000999,1,1,1
1,0.0909090909090909,0.0099009900990099,0.000999000999000999,1,1,1
1,0.0909090909090909,0.0099009900990099,0.000999000999000999,1,1,1
1,0.0909090909090909,0.0099009900990099,0.000999000999000999,1,1,1
1,0.0909090909090909,0.0099009900990099,0.000999000999000999,1,1,1
1,0.0909090909090909,0.0099009900990099,0.000999000999000999,1,1,1
1,0.0909090909090909,0.0099009900990099,0.000999000999000999,1,1,1
1,0.0909090909090909,0.0099009900990099,0.000999000999000999,1,1,1
1,0.0909090909090909,0.0099009900990099,0.000999000999000999,1,1,1
1,0.0909090909090909,0.0099009900990099,0.000999000999000999,1,1,1
1,0.0909090909090909,0.0099009900990099,0.000999000999000999,1,1,1
1,0.0909090909090909,0.0099009900990099,0.000999000999000999,1,1,1
1,0.0909090909090909,0.0099009900990099,0.000999000999000999,1,1,1
1,0.0909090909090909,0.0099009900990099,0.000999000999000999,1,1,1
1,0.0909090909090909,0.0099009900990099,0.000999000999000999,1,1,1
1,0.0909090909090909,0.0099009900990099,0.000999000999000999,1,1,1
1,0.0909090909090909,0.0099009900990099,0.000999000999000999,1,1,1
1,0.0909090909090909,0.0099009900990099,0.000999000999000999,1,1,1
1,0.0909090909090909,0.0099009900990099,0.000999000999000999,1,1,1
1,0.0909090909090909,0.0099009900990099,0.000999000999000999,1,1,1
1,0.0909090909090909,0.0099009900990099,0.000999000999000999,1,1,1
1,0.0909090909090909,0.0099009900990099,0.000999000999000999,1,1,1
1,0.0909090909090909,0.0099009900990099,0.000999000999000999,1,1,1
1,0.0909090909090909,0.0099009900990099,0.000999000999000999,1,1,1
1,0.0909090909090909,0.0099009900990099,0.000999000999000999,1,1,1
1,0.0909090909090909,0.0099009900990099,0.000999000999000999,1,1,1
2,1.09090909090909,1.00990099009901,1.000999000999,2,2,2
2,1.09090909090909,1.00990099009901,1.000999000999,2,2,2
1,0.0909090909090909,0.0099009900990099,0.000999000999000999,1,1,1
1,0.0909090909090909,0.0099009900990099,0.000999000999000999,1,1,1
1,0.0909090909090909,0.0099009900990099,0.000999000999000999,1,1,1
1,0.0909090909090909,0.0099009900990099,0.000999000999000999,1,1,1
1,0.0909090909090909,0.0099009900990099,0.000999000999000999,1,1,1
1,0.0909090909090909,0.0099009900990099,0.000999000999000999,1,1,1
2,0.181818181818182,0.0198019801980198,0.001998001998002,2,2,2
2,0.181818181818182,0.0198019801980198,0.001998001998002,2,2,2
1,0.0909090909090909,0.0099009900990099,0.000999000999000999,1,1,1
1,0.0909090909090909,0.0099009900990099,0.000999000999000999,1,1,1
1,0.0909090909090909,0.0099009900990099,0.000999000999000999,1,1,1
3,1.18181818181818,1.01980198019802,1.001998001998,3,3,3
3,1.18181818181818,1.01980198019802,1.001998001998,3,3,3
1,0.0909090909090909,0.0099009900990099,0.000999000999000999,1,1,1
1,0.0909090909090909,0.0099009900990099,0.000999000999000999,1,1,1
1,0.0909090909090909,0.0099009900990099,0.000999000999000999,1,1,1
1,0.0909090909090909,0.0099009900990099,0.000999000999000999,1,1,1
1,0.0909090909090909,0.0099009900990099,0.000999000999000999,1,1,1
1,0.0909090909090909,0.0099009900990099,0.000999000999000999,1,1,1
1,0.0909090909090909,0.0099009900990099,0.000999000999000999,1,1,1
1,0.0909090909090909,0.0099009900990099,0.000999000999000999,1,1,1
1,0.0909090909090909,0.0099009900990099,0.000999000999000999,1,1,1
1,0.0909090909090909,0.0099009900990099,0.000999000999000999,1,1,1
1,0.0909090909090909,0.0099009900990099,0.000999000999000999,1,1,1
5,0.454545454545455,0.0495049504950495,0.004995004995005,5,5,5
15,1.36363636363636,0.148514851485149,0.014985014985015,15,15,15
5,0.454545454545455,0.0495049504950495,0.004995004995005,5,5,5
1,0.0909090909090909,0.0099009900990099,0.000999000999000999,1,1,1
1,0.0909090909090909,0.0099009900990099,0.000999000999000999,1,1,1
6,0.545454545454545,0.0594059405940594,0.00599400599400599,6,6,6
6,0.545454545454545,0.0594059405940594,0.00599400599400599,6,6,6
7,0.636363636363636,0.0693069306930693,0.00699300699300699,7,7,7
1,0.0909090909090909,0.0099009900990099,0.000999000999000999,1,1,1
5,0.454545454545455,0.0495049504950495,0.004995004995005,5,5,5
22,2,0.217821782178218,0.021978021978022,22,22,22
8,7.09090909090909,7.00990099009901,7.000999000999,8,8,8
4,4,4,4,4,4,4
1,1,1,1,1,1,1
1,1,1,1,1,1,1
5,1.36363636363636,1.03960396039604,1.003996003996,5,5,5
4,0.363636363636364,0.0396039603960396,0.003996003996004,4,4,4
4,1.27272727272727,1.02970297029703,1.002997002997,4,4,4
6,3.27272727272727,3.02970297029703,3.002997002997,6,6,6
1,0.0909090909090909,0.0099009900990099,0.000999000999000999,1,1,1
1,0.0909090909090909,0.0099009900990099,0.000999000999000999,1,1,1
6,3.27272727272727,3.02970297029703,3.002997002997,6,6,6
1,0.0909090909090909,0.0099009900990099,0.000999000999000999,1,1,1
4,2.18181818181818,2.01980198019802,2.001998001998,4,4,4
2,2,2,2,2,2,2
1,1,1,1,1,1,1
4,4,4,4,4,4,4
1,1,1,1,1,1,1
7,7,7,7,7,7,7
3,3,3,3,3,3,3
2,2,2,2,2,2,2
1,1,1,1,1,1,1
3,3,3,3,3,3,3
3,3,3,3,3,3,3
10,5.45454545454545,5.04950495049505,5.00499500499501,10,10,10
1,1,1,1,1,1,1
3,3,3,3,3,3,3
2,2,2,2,2,2,2
2,2,2,2,2,2,2
11,5.54545454545455,5.05940594059406,5.00599400599401,11,11,11
7,5.18181818181818,5.01980198019802,5.001998001998,7,7,7
1,1,1,1,1,1,1
1,1,1,1,1,1,1
1,1,1,1,1,1,1
30,4.54545454545455,2.27722772277228,2.02797202797203,30,30,30
30,4.54545454545455,2.27722772277228,2.02797202797203,30,30,30
2,2,2,2,2,2,2
1,1,1,1,1,1,1
6,3.27272727272727,3.02970297029703,3.002997002997,6,6,6
5,0.454545454545455,0.0495049504950495,0.004995004995005,5,5,5
5,0.454545454545455,0.0495049504950495,0.004995004995005,5,5,5
3,1.18181818181818,1.01980198019802,1.001998001998,3,3,3
1,1,1,1,1,1,1
3,1.18181818181818,1.01980198019802,1.001998001998,3,3,3
1,0.0909090909090909,0.0099009900990099,0.000999000999000999,1,1,1
12,10.1818181818182,10.019801980198,10.001998001998,12,12,12
3,3,3,3,3,3,3
1,1,1,1,1,1,1
2,2,2,2,2,2,2
9,4.45454545454545,4.04950495049505,4.00499500499501,9,9,9
4,1.27272727272727,1.02970297029703,1.002997002997,4,4,4
2,1.09090909090909,1.00990099009901,1.000999000999,2,2,2
1,1,1,1,1,1,1
2,2,2,2,2,2,2
2,2,2,2,2,2,2
3,3,3,3,3,3,3
8,8,8,8,8,8,8
4,4,4,4,4,4,4
1,1,1,1,1,1,1
1,1,1,1,1,1,1
2,2,2,2,2,2,2
4,4,4,4,4,4,4
10,8.18181818181818,8.01980198019802,8.001998001998,10,10,10
4,2.18181818181818,2.01980198019802,2.001998001998,4,4,4
4,4,4,4,4,4,4
2,1.09090909090909,1.00990099009901,1.000999000999,2,2,2
1,0.0909090909090909,0.0099009900990099,0.000999000999000999,1,1,1
13,1.18181818181818,0.128712871287129,0.012987012987013,13,13,13
14,1.27272727272727,0.138613861386139,0.013986013986014,14,14,14
15,3.18181818181818,2.12871287128713,2.01298701298701,15,15,15
6,6,6,6,6,6,6
2,2,2,2,2,2,2
1,1,1,1,1,1,1
2,2,2,2,2,2,2
3,2.09090909090909,2.00990099009901,2.000999000999,3,3,3
9,2.63636363636364,2.06930693069307,2.00699300699301,9,9,9
5,4.09090909090909,4.00990099009901,4.000999000999,5,5,5
1,0.0909090909090909,0.0099009900990099,0.000999000999000999,1,1,1
1,0.0909090909090909,0.0099009900990099,0.000999000999000999,1,1,1
8,4.36363636363636,4.03960396039604,4.003996003996,8,8,8
8,0.727272727272727,0.0792079207920792,0.00799200799200799,8,8,8
5,2.27272727272727,2.02970297029703,2.002997002997,5,5,5
5,1.36363636363636,1.03960396039604,1.003996003996,5,5,5
1,0.0909090909090909,0.0099009900990099,0.000999000999000999,1,1,1
1,0.0909090909090909,0.0099009900990099,0.000999000999000999,1,1,1
3,0.272727272727273,0.0297029702970297,0.002997002997003,3,3,3
16,5.09090909090909,4.11881188118812,4.01198801198801,16,16,16
20,1.81818181818182,0.198019801980198,0.01998001998002,20,20,20
25,5.90909090909091,4.20792079207921,4.02097902097902,25,25,25
2,2,2,2,2,2,2
1,1,1,1,1,1,1
2,2,2,2,2,2,2
11,6.45454545454545,6.04950495049505,6.00499500499501,11,11,11
1,1,1,1,1,1,1
1,1,1,1,1,1,1
1,1,1,1,1,1,1
10,5.45454545454545,5.04950495049505,5.00499500499501,10,10,10
2,2,2,2,2,2,2
1,1,1,1,1,1,1
1,1,1,1,1,1,1
1,1,1,1,1,1,1
6,6,6,6,6,6,6
20,2.72727272727273,1.18811881188119,1.01898101898102,20,20,20
25,5.90909090909091,4.20792079207921,4.02097902097902,25,25,25
5,0.454545454545455,0.0495049504950495,0.004995004995005,5,5,5
1,0.0909090909090909,0.0099009900990099,0.000999000999000999,1,1,1
1,0.0909090909090909,0.0099009900990099,0.000999000999000999,1,1,1
8,0.727272727272727,0.0792079207920792,0.00799200799200799,8,8,8
8,0.727272727272727,0.0792079207920792,0.00799200799200799,8,8,8
10,8.18181818181818,8.01980198019802,8.001998001998,10,10,10
3,3,3,3,3,3,3
4,4,4,4,4,4,4
1,1,1,1,1,1,1
12,8.36363636363636,8.03960396039604,8.003996003996,12,12,12
5,1.36363636363636,1.03960396039604,1.003996003996,5,5,5
3,1.18181818181818,1.01980198019802,1.001998001998,3,3,3
3,1.18181818181818,1.01980198019802,1.001998001998,3,3,3
1,1,1,1,1,1,1
4,4,4,4,4,4,4
11,6.45454545454545,6.04950495049505,6.00499500499501,11,11,11
4,4,4,4,4,4,4
4,4,4,4,4,4,4
1,1,1,1,1,1,1
2,2,2,2,2,2,2
6,3.27272727272727,3.02970297029703,3.002997002997,6,6,6
6,0.545454545454545,0.0594059405940594,0.00599400599400599,6,6,6
16,4.18181818181818,3.12871287128713,3.01298701298701,16,16,16
4,2.18181818181818,2.01980198019802,2.001998001998,4,4,4
1,0.0909090909090909,0.0099009900990099,0.000999000999000999,1,1,1
1,0.0909090909090909,0.0099009900990099,0.000999000999000999,1,1,1
3,1.18181818181818,1.01980198019802,1.001998001998,3,3,3
33,8.45454545454546,6.26732673267327,6.02697302697303,33,33,33
18,4.36363636363636,3.14851485148515,3.01498501498501,18,18,18
4,0.363636363636364,0.0396039603960396,0.003996003996004,4,4,4
1,0.0909090909090909,0.0099009900990099,0.000999000999000999,1,1,1
1,0.0909090909090909,0.0099009900990099,0.000999000999000999,1,1,1
6,0.545454545454545,0.0594059405940594,0.00599400599400599,6,6,6
13,1.18181818181818,0.128712871287129,0.012987012987013,13,13,13
25,6.81818181818182,5.1980198019802,5.01998001998002,25,25,25
3,2.09090909090909,2.00990099009901,2.000999000999,3,3,3
1,1,1,1,1,1,1
1,1,1,1,1,1,1
1,1,1,1,1,1,1
1,1,1,1,1,1,1
1,1,1,1,1,1,1
1,1,1,1,1,1,1
1,1,1,1,1,1,1
1,1,1,1,1,1,1
1,1,1,1,1,1,1
1,1,1,1,1,1,1
1,1,1,1,1,1,1
1,1,1,1,1,1,1
1,1,1,1,1,1,1
2,2,2,2,2,2,2
2,2,2,2,2,2,2
1,1,1,1,1,1,1
1,1,1,1,1,1,1
1,1,1,1,1,1,1
1,1,1,1,1,1,1
1,1,1,1,1,1,1
1,1,1,1,1,1,1
1,1,1,1,1,1,1
1,1,1,1,1,1,1
1,1,1,1,1,1,1
2,2,2,2,2,2,2
1,1,1,1,1,1,1
1,1,1,1,1,1,1
1,1,1,1,1,1,1
3,3,3,3,3,3,3
3,3,3,3,3,3,3
5,3.18181818181818,3.01980198019802,3.001998001998,5,5,5
2,0.181818181818182,0.0198019801980198,0.001998001998002,2,2,2
1,0.0909090909090909,0.0099009900990099,0.000999000999000999,1,1,1
3,0.272727272727273,0.0297029702970297,0.002997002997003,3,3,3
3,0.272727272727273,0.0297029702970297,0.002997002997003,3,3,3
1,0.0909090909090909,0.0099009900990099,0.000999000999000999,1,1,1
3,0.272727272727273,0.0297029702970297,0.002997002997003,3,3,3
1,0.0909090909090909,0.0099009900990099,0.000999000999000999,1,1,1
5,0.454545454545455,0.0495049504950495,0.004995004995005,5,5,5
1,0.0909090909090909,0.0099009900990099,0.000999000999000999,1,1,1
3,0.272727272727273,0.0297029702970297,0.002997002997003,3,3,3
3,0.272727272727273,0.0297029702970297,0.002997002997003,3,3,3
1,0.0909090909090909,0.0099009900990099,0.000999000999000999,1,1,1
1,0.0909090909090909,0.0099009900990099,0.000999000999000999,1,1,1
1,0.0909090909090909,0.0099009900990099,0.000999000999000999,1,1,1
1,0.0909090909090909,0.0099009900990099,0.000999000999000999,1,1,1
5,0.454545454545455,0.0495049504950495,0.004995004995005,5,5,5
6,0.545454545454545,0.0594059405940594,0.00599400599400599,6,6,6
5,0.454545454545455,0.0495049504950495,0.004995004995005,5,5,5
4,0.363636363636364,0.0396039603960396,0.003996003996004,4,4,4
3,0.272727272727273,0.0297029702970297,0.002997002997003,3,3,3
1,0.0909090909090909,0.0099009900990099,0.000999000999000999,1,1,1
1,0.0909090909090909,0.0099009900990099,0.000999000999000999,1,1,1
1,0.0909090909090909,0.0099009900990099,0.000999000999000999,1,1,1
1,0.0909090909090909,0.0099009900990099,0.000999000999000999,1,1,1
1,0.0909090909090909,0.0099009900990099,0.000999000999000999,1,1,1
1,0.0909090909090909,0.0099009900990099,0.000999000999000999,1,1,1
1,0.0909090909090909,0.0099009900990099,0.000999000999000999,1,1,1
1,0.0909090909090909,0.0099009900990099,0.000999000999000999,1,1,1
1,0.0909090909090909,0.0099009900990099,0.000999000999000999,1,1,1
1,0.0909090909090909,0.0099009900990099,0.000999000999000999,1,1,1
1,0.0909090909090909,0.0099009900990099,0.000999000999000999,1,1,1
7,0.636363636363636,0.0693069306930693,0.00699300699300699,7,7,7
3,0.272727272727273,0.0297029702970297,0.002997002997003,3,3,3
5,0.454545454545455,0.0495049504950495,0.004995004995005,5,5,5
1,0.0909090909090909,0.0099009900990099,0.000999000999000999,1,1,1
1,0.0909090909090909,0.0099009900990099,0.000999000999000999,1,1,1
1,0.0909090909090909,0.0099009900990099,0.000999000999000999,1,1,1
3,0.272727272727273,0.0297029702970297,0.002997002997003,3,3,3
1,0.0909090909090909,0.0099009900990099,0.000999000999000999,1,1,1
3,0.272727272727273,0.0297029702970297,0.002997002997003,3,3,3
1,0.0909090909090909,0.0099009900990099,0.000999000999000999,1,1,1
1,0.0909090909090909,0.0099009900990099,0.000999000999000999,1,1,1
1,0.0909090909090909,0.0099009900990099,0.000999000999000999,1,1,1
1,0.0909090909090909,0.0099009900990099,0.000999000999000999,1,1,1
3,0.272727272727273,0.0297029702970297,0.002997002997003,3,3,3
3,0.272727272727273,0.0297029702970297,0.002997002997003,3,3,3
1,0.0909090909090909,0.0099009900990099,0.000999000999000999,1,1,1
1,0.0909090909090909,0.0099009900990099,0.000999000999000999,1,1,1
1,0.0909090909090909,0.0099009900990099,0.000999000999000999,1,1,1
1,0.0909090909090909,0.0099009900990099,0.000999000999000999,1,1,1
2,0.181818181818182,0.0198019801980198,0.001998001998002,2,2,2
2,0.181818181818182,0.0198019801980198,0.001998001998002,2,2,2
1,0.0909090909090909,0.0099009900990099,0.000999000999000999,1,1,1
1,0.0909090909090909,0.0099009900990099,0.000999000999000999,1,1,1
1,0.0909090909090909,0.0099009900990099,0.000999000999000999,1,1,1
1,0.0909090909090909,0.0099009900990099,0.000999000999000999,1,1,1
1,0.0909090909090909,0.0099009900990099,0.000999000999000999,1,1,1
1,0.0909090909090909,0.0099009900990099,0.000999000999000999,1,1,1
1,0.0909090909090909,0.0099009900990099,0.000999000999000999,1,1,1
1,0.0909090909090909,0.0099009900990099,0.000999000999000999,1,1,1
1,0.0909090909090909,0.0099009900990099,0.000999000999000999,1,1,1
1,0.0909090909090909,0.0099009900990099,0.000999000999000999,1,1,1
1,0.0909090909090909,0.0099009900990099,0.000999000999000999,1,1,1
1,0.0909090909090909,0.0099009900990099,0.000999000999000999,1,1,1
1,0.0909090909090909,0.0099009900990099,0.000999000999000999,1,1,1
1,0.0909090909090909,0.0099009900990099,0.000999000999000999,1,1,1
1,0.0909090909090909,0.0099009900990099,0.000999000999000999,1,1,1
1,0.0909090909090909,0.0099009900990099,0.000999000999000999,1,1,1
1,0.0909090909090909,0.0099009900990099,0.000999000999000999,1,1,1
2,0.181818181818182,0.0198019801980198,0.001998001998002,2,2,2
2,0.181818181818182,0.0198019801980198,0.001998001998002,2,2,2
1,0.0909090909090909,0.0099009900990099,0.000999000999000999,1,1,1
1,0.0909090909090909,0.0099009900990099,0.000999000999000999,1,1,1
1,0.0909090909090909,0.0099009900990099,0.000999000999000999,1,1,1
1,0.0909090909090909,0.0099009900990099,0.000999000999000999,1,1,1
1,0.0909090909090909,0.0099009900990099,0.000999000999000999,1,1,1
1,0.0909090909090909,0.0099009900990099,0.000999000999000999,1,1,1
1,0.0909090909090909,0.0099009900990099,0.000999000999000999,1,1,1
1,0.0909090909090909,0.0099009900990099,0.000999000999000999,1,1,1
2,0.181818181818182,0.0198019801980198,0.001998001998002,2,2,2
2,0.181818181818182,0.0198019801980198,0.001998001998002,2,2,2
1,0.0909090909090909,0.0099009900990099,0.000999000999000999,1,1,1
1,0.0909090909090909,0.0099009900990099,0.000999000999000999,1,1,1
1,0.0909090909090909,0.0099009900990099,0.000999000999000999,1,1,1
1,0.0909090909090909,0.0099009900990099,0.000999000999000999,1,1,1
2,0.181818181818182,0.0198019801980198,0.001998001998002,2,2,2
2,0.181818181818182,0.0198019801980198,0.001998001998002,2,2,2
1,0.0909090909090909,0.0099009900990099,0.000999000999000999,1,1,1
2,0.181818181818182,0.0198019801980198,0.001998001998002,2,2,2
2,0.181818181818182,0.0198019801980198,0.001998001998002,2,2,2
1,0.0909090909090909,0.0099009900990099,0.000999000999000999,1,1,1
3,0.272727272727273,0.0297029702970297,0.002997002997003,3,3,3
1,0.0909090909090909,0.0099009900990099,0.000999000999000999,1,1,1
1,0.0909090909090909,0.0099009900990099,0.000999000999000999,1,1,1
1,0.0909090909090909,0.0099009900990099,0.000999000999000999,1,1,1
1,0.0909090909090909,0.0099009900990099,0.000999000999000999,1,1,1
1,0.0909090909090909,0.0099009900990099,0.000999000999000999,1,1,1
3,0.272727272727273,0.0297029702970297,0.002997002997003,3,3,3
3,0.272727272727273,0.0297029702970297,0.002997002997003,3,3,3
6,0.545454545454545,0.0594059405940594,0.00599400599400599,6,6,6
1,0.0909090909090909,0.0099009900990099,0.000999000999000999,1,1,1
2,0.181818181818182,0.0198019801980198,0.001998001998002,2,2,2
2,0.181818181818182,0.0198019801980198,0.001998001998002,2,2,2
8,1.63636363636364,1.06930693069307,1.00699300699301,8,8,8
5,0.454545454545455,0.0495049504950495,0.004995004995005,5,5,5
2,0.181818181818182,0.0198019801980198,0.001998001998002,2,2,2
1,0.0909090909090909,0.0099009900990099,0.000999000999000999,1,1,1
1,0.0909090909090909,0.0099009900990099,0.000999000999000999,1,1,1
1,0.0909090909090909,0.0099009900990099,0.000999000999000999,1,1,1
1,0.0909090909090909,0.0099009900990099,0.000999000999000999,1,1,1
1,0.0909090909090909,0.0099009900990099,0.000999000999000999,1,1,1
1,0.0909090909090909,0.0099009900990099,0.000999000999000999,1,1,1
5,0.454545454545455,0.0495049504950495,0.004995004995005,5,5,5
5,0.454545454545455,0.0495049504950495,0.004995004995005,5,5,5
3,0.272727272727273,0.0297029702970297,0.002997002997003,3,3,3
5,0.454545454545455,0.0495049504950495,0.004995004995005,5,5,5
3,0.272727272727273,0.0297029702970297,0.002997002997003,3,3,3
8,0.727272727272727,0.0792079207920792,0.00799200799200799,8,8,8
6,0.545454545454545,0.0594059405940594,0.00599400599400599,6,6,6
2,0.181818181818182,0.0198019801980198,0.001998001998002,2,2,2
2,0.181818181818182,0.0198019801980198,0.001998001998002,2,2,2
3,0.272727272727273,0.0297029702970297,0.002997002997003,3,3,3
2,1.09090909090909,1.00990099009901,1.000999000999,2,2,2
2,2,2,2,2,2,2
3,3,3,3,3,3,3
1,1,1,1,1,1,1
1,1,1,1,1,1,1
1,1,1,1,1,1,1
1,1,1,1,1,1,1
1,1,1,1,1,1,1
1,1,1,1,1,1,1
1,1,1,1,1,1,1
1,1,1,1,1,1,1
1,1,1,1,1,1,1
1,1,1,1,1,1,1
1,1,1,1,1,1,1
1,1,1,1,1,1,1
1,1,1,1,1,1,1
1,1,1,1,1,1,1
1,1,1,1,1,1,1
1,1,1,1,1,1,1
1,1,1,1,1,1,1
1,1,1,1,1,1,1
1,1,1,1,1,1,1
1,1,1,1,1,1,1
2,2,2,2,2,2,2
1,1,1,1,1,1,1
1,1,1,1,1,1,1
1,1,1,1,1,1,1
1,1,1,1,1,1,1
1,1,1,1,1,1,1
1,1,1,1,1,1,1
1,1,1,1,1,1,1
2,2,2,2,2,2,2
2,2,2,2,2,2,2
1,1,1,1,1,1,1
2,2,2,2,2,2,2
2,2,2,2,2,2,2
1,1,1,1,1,1,1
1,1,1,1,1,1,1
1,1,1,1,1,1,1
1,1,1,1,1,1,1
2,2,2,2,2,2,2
2,2,2,2,2,2,2
1,1,1,1,1,1,1
1,1,1,1,1,1,1
1,1,1,1,1,1,1
1,1,1,1,1,1,1
1,1,1,1,1,1,1
1,1,1,1,1,1,1
1,1,1,1,1,1,1
1,1,1,1,1,1,1
1,1,1,1,1,1,1
1,1,1,1,1,1,1
1,1,1,1,1,1,1
1,1,1,1,1,1,1
1,1,1,1,1,1,1
1,1,1,1,1,1,1
1,1,1,1,1,1,1
1,1,1,1,1,1,1
1,1,1,1,1,1,1
1,1,1,1,1,1,1
1,1,1,1,1,1,1
1,1,1,1,1,1,1
1,1,1,1,1,1,1
1,1,1,1,1,1,1
2,2,2,2,2,2,2
2,2,2,2,2,2,2
1,1,1,1,1,1,1
1,1,1,1,1,1,1
1,1,1,1,1,1,1
1,1,1,1,1,1,1
1,1,1,1,1,1,1
1,1,1,1,1,1,1
4,4,4,4,4,4,4
4,3.09090909090909,3.00990099009901,3.000999000999,4,4,4
2,0.181818181818182,0.0198019801980198,0.001998001998002,2,2,2
8,0.727272727272727,0.0792079207920792,0.00799200799200799,8,8,8
9,0.818181818181818,0.0891089108910891,0.00899100899100899,9,9,9
1,0.0909090909090909,0.0099009900990099,0.000999000999000999,1,1,1
1,0.0909090909090909,0.0099009900990099,0.000999000999000999,1,1,1
1,0.0909090909090909,0.0099009900990099,0.000999000999000999,1,1,1
3,0.272727272727273,0.0297029702970297,0.002997002997003,3,3,3
3,0.272727272727273,0.0297029702970297,0.002997002997003,3,3,3
4,0.363636363636364,0.0396039603960396,0.003996003996004,4,4,4
5,0.454545454545455,0.0495049504950495,0.004995004995005,5,5,5
1,0.0909090909090909,0.0099009900990099,0.000999000999000999,1,1,1
1,0.0909090909090909,0.0099009900990099,0.000999000999000999,1,1,1
1,0.0909090909090909,0.0099009900990099,0.000999000999000999,1,1,1
1,0.0909090909090909,0.0099009900990099,0.000999000999000999,1,1,1
2,0.181818181818182,0.0198019801980198,0.001998001998002,2,2,2
4,0.363636363636364,0.0396039603960396,0.003996003996004,4,4,4
4,0.363636363636364,0.0396039603960396,0.003996003996004,4,4,4
1,0.0909090909090909,0.0099009900990099,0.000999000999000999,1,1,1
2,0.181818181818182,0.0198019801980198,0.001998001998002,2,2,2
1,0.0909090909090909,0.0099009900990099,0.000999000999000999,1,1,1
1,0.0909090909090909,0.0099009900990099,0.000999000999000999,1,1,1
2,0.181818181818182,0.0198019801980198,0.001998001998002,2,2,2
7,0.636363636363636,0.0693069306930693,0.00699300699300699,7,7,7
1,0.0909090909090909,0.0099009900990099,0.000999000999000999,1,1,1
1,0.0909090909090909,0.0099009900990099,0.000999000999000999,1,1,1
3,0.272727272727273,0.0297029702970297,0.002997002997003,3,3,3
4,0.363636363636364,0.0396039603960396,0.003996003996004,4,4,4
7,0.636363636363636,0.0693069306930693,0.00699300699300699,7,7,7
6,0.545454545454545,0.0594059405940594,0.00599400599400599,6,6,6
6,0.545454545454545,0.0594059405940594,0.00599400599400599,6,6,6
6,2.36363636363636,2.03960396039604,2.003996003996,6,6,6
1,1,1,1,1,1,1
1,1,1,1,1,1,1
1,1,1,1,1,1,1
1,1,1,1,1,1,1
3,3,3,3,3,3,3
2,2,2,2,2,2,2
1,1,1,1,1,1,1
1,1,1,1,1,1,1
1,1,1,1,1,1,1
1,1,1,1,1,1,1
1,1,1,1,1,1,1
1,1,1,1,1,1,1
1,1,1,1,1,1,1
1,1,1,1,1,1,1
1,1,1,1,1,1,1
1,1,1,1,1,1,1
1,1,1,1,1,1,1
1,1,1,1,1,1,1
1,1,1,1,1,1,1
1,1,1,1,1,1,1
1,1,1,1,1,1,1
1,1,1,1,1,1,1
2,2,2,2,2,2,2
1,1,1,1,1,1,1
2,2,2,2,2,2,2
1,1,1,1,1,1,1
1,1,1,1,1,1,1
2,2,2,2,2,2,2
2,2,2,2,2,2,2
1,1,1,1,1,1,1
1,1,1,1,1,1,1
1,1,1,1,1,1,1
1,1,1,1,1,1,1
1,1,1,1,1,1,1
1,1,1,1,1,1,1
2,2,2,2,2,2,2
1,1,1,1,1,1,1
3,3,3,3,3,3,3
4,4,4,4,4,4,4
1,1,1,1,1,1,1
6,1.45454545454545,1.04950495049505,1.004995004995,6,6,6
7,6.09090909090909,6.00990099009901,6.000999000999,7,7,7
1,1,1,1,1,1,1
2,1.09090909090909,1.00990099009901,1.000999000999,2,2,2
1,0.0909090909090909,0.0099009900990099,0.000999000999000999,1,1,1
1,0.0909090909090909,0.0099009900990099,0.000999000999000999,1,1,1
7,0.636363636363636,0.0693069306930693,0.00699300699300699,7,7,7
8,0.727272727272727,0.0792079207920792,0.00799200799200799,8,8,8
3,0.272727272727273,0.0297029702970297,0.002997002997003,3,3,3
3,0.272727272727273,0.0297029702970297,0.002997002997003,3,3,3
1,0.0909090909090909,0.0099009900990099,0.000999000999000999,1,1,1
1,0.0909090909090909,0.0099009900990099,0.000999000999000999,1,1,1
1,0.0909090909090909,0.0099009900990099,0.000999000999000999,1,1,1
1,0.0909090909090909,0.0099009900990099,0.000999000999000999,1,1,1
1,0.0909090909090909,0.0099009900990099,0.000999000999000999,1,1,1
1,0.0909090909090909,0.0099009900990099,0.000999000999000999,1,1,1
1,0.0909090909090909,0.0099009900990099,0.000999000999000999,1,1,1
1,0.0909090909090909,0.0099009900990099,0.000999000999000999,1,1,1
1,0.0909090909090909,0.0099009900990099,0.000999000999000999,1,1,1
1,0.0909090909090909,0.0099009900990099,0.000999000999000999,1,1,1
1,0.0909090909090909,0.0099009900990099,0.000999000999000999,1,1,1
3,0.272727272727273,0.0297029702970297,0.002997002997003,3,3,3
7,0.636363636363636,0.0693069306930693,0.00699300699300699,7,7,7
1,0.0909090909090909,0.0099009900990099,0.000999000999000999,1,1,1
1,0.0909090909090909,0.0099009900990099,0.000999000999000999,1,1,1
1,0.0909090909090909,0.0099009900990099,0.000999000999000999,1,1,1
6,0.545454545454545,0.0594059405940594,0.00599400599400599,6,6,6
5,0.454545454545455,0.0495049504950495,0.004995004995005,5,5,5
6,0.545454545454545,0.0594059405940594,0.00599400599400599,6,6,6
1,0.0909090909090909,0.0099009900990099,0.000999000999000999,1,1,1
5,4.09090909090909,4.00990099009901,4.000999000999,5,5,5
1,1,1,1,1,1,1
1,1,1,1,1,1,1
1,1,1,1,1,1,1
1,1,1,1,1,1,1
3,2.09090909090909,2.00990099009901,2.000999000999,3,3,3
1,0.0909090909090909,0.0099009900990099,0.000999000999000999,1,1,1
1,0.0909090909090909,0.0099009900990099,0.000999000999000999,1,1,1
1,0.0909090909090909,0.0099009900990099,0.000999000999000999,1,1,1
1,0.0909090909090909,0.0099009900990099,0.000999000999000999,1,1,1
1,0.0909090909090909,0.0099009900990099,0.000999000999000999,1,1,1
2,1.09090909090909,1.00990099009901,1.000999000999,2,2,2
2,1.09090909090909,1.00990099009901,1.000999000999,2,2,2
1,0.0909090909090909,0.0099009900990099,0.000999000999000999,1,1,1
1,0.0909090909090909,0.0099009900990099,0.000999000999000999,1,1,1
4,3.09090909090909,3.00990099009901,3.000999000999,4,4,4
5,1.36363636363636,1.03960396039604,1.003996003996,5,5,5
11,1,0.108910891089109,0.010989010989011,11,11,11
8,0.727272727272727,0.0792079207920792,0.00799200799200799,8,8,8
1,0.0909090909090909,0.0099009900990099,0.000999000999000999,1,1,1
12,1.09090909090909,0.118811881188119,0.011988011988012,12,12,12
10,0.909090909090909,0.099009900990099,0.00999000999000999,10,10,10
7,0.636363636363636,0.0693069306930693,0.00699300699300699,7,7,7
6,0.545454545454545,0.0594059405940594,0.00599400599400599,6,6,6
8,6.18181818181818,6.01980198019802,6.001998001998,8,8,8
1,1,1,1,1,1,1
2,2,2,2,2,2,2
1,1,1,1,1,1,1
1,1,1,1,1,1,1
1,1,1,1,1,1,1
1,1,1,1,1,1,1
2,2,2,2,2,2,2
3,3,3,3,3,3,3
1,1,1,1,1,1,1
1,1,1,1,1,1,1
1,1,1,1,1,1,1
1,1,1,1,1,1,1
1,1,1,1,1,1,1
2,2,2,2,2,2,2
2,2,2,2,2,2,2
4,4,4,4,4,4,4
6,4.18181818181818,4.01980198019802,4.001998001998,6,6,6
4,0.363636363636364,0.0396039603960396,0.003996003996004,4,4,4
3,0.272727272727273,0.0297029702970297,0.002997002997003,3,3,3
2,0.181818181818182,0.0198019801980198,0.001998001998002,2,2,2
7,4.27272727272727,4.02970297029703,4.002997002997,7,7,7
2,2,2,2,2,2,2
1,1,1,1,1,1,1
4,4,4,4,4,4,4
2,2,2,2,2,2,2
1,1,1,1,1,1,1
1,1,1,1,1,1,1
1,1,1,1,1,1,1
1,1,1,1,1,1,1
1,1,1,1,1,1,1
2,2,2,2,2,2,2
2,2,2,2,2,2,2
2,2,2,2,2,2,2
2,2,2,2,2,2,2
1,1,1,1,1,1,1
1,1,1,1,1,1,1
1,1,1,1,1,1,1
2,2,2,2,2,2,2
3,3,3,3,3,3,3
4,4,4,4,4,4,4
1,1,1,1,1,1,1
2,2,2,2,2,2,2
3,3,3,3,3,3,3
9,1.72727272727273,1.07920792079208,1.00799200799201,9,9,9
2,0.181818181818182,0.0198019801980198,0.001998001998002,2,2,2
10,0.909090909090909,0.099009900990099,0.00999000999000999,10,10,10
2,0.181818181818182,0.0198019801980198,0.001998001998002,2,2,2
7,0.636363636363636,0.0693069306930693,0.00699300699300699,7,7,7
11,1,0.108910891089109,0.010989010989011,11,11,11
6,3.27272727272727,3.02970297029703,3.002997002997,6,6,6
1,0.0909090909090909,0.0099009900990099,0.000999000999000999,1,1,1
1,0.0909090909090909,0.0099009900990099,0.000999000999000999,1,1,1
1,0.0909090909090909,0.0099009900990099,0.000999000999000999,1,1,1
1,0.0909090909090909,0.0099009900990099,0.000999000999000999,1,1,1
1,0.0909090909090909,0.0099009900990099,0.000999000999000999,1,1,1
1,0.0909090909090909,0.0099009900990099,0.000999000999000999,1,1,1
1,0.0909090909090909,0.0099009900990099,0.000999000999000999,1,1,1
1,0.0909090909090909,0.0099009900990099,0.000999000999000999,1,1,1
1,0.0909090909090909,0.0099009900990099,0.000999000999000999,1,1,1
1,0.0909090909090909,0.0099009900990099,0.000999000999000999,1,1,1
1,0.0909090909090909,0.0099009900990099,0.000999000999000999,1,1,1
1,0.0909090909090909,0.0099009900990099,0.000999000999000999,1,1,1
2,0.181818181818182,0.0198019801980198,0.001998001998002,2,2,2
8,3.45454545454545,3.04950495049505,3.004995004995,8,8,8
7,0.636363636363636,0.0693069306930693,0.00699300699300699,7,7,7
11,1,0.108910891089109,0.010989010989011,11,11,11
8,0.727272727272727,0.0792079207920792,0.00799200799200799,8,8,8
6,0.545454545454545,0.0594059405940594,0.00599400599400599,6,6,6
15,1.36363636363636,0.148514851485149,0.014985014985015,15,15,15
5,0.454545454545455,0.0495049504950495,0.004995004995005,5,5,5
1,0.0909090909090909,0.0099009900990099,0.000999000999000999,1,1,1
2,0.181818181818182,0.0198019801980198,0.001998001998002,2,2,2
1,0.0909090909090909,0.0099009900990099,0.000999000999000999,1,1,1
26,2.36363636363636,0.257425742574257,0.025974025974026,26,26,26
15,5.90909090909091,5.0990099009901,5.00999000999001,15,15,15
1,1,1,1,1,1,1
1,1,1,1,1,1,1
1,1,1,1,1,1,1
1,1,1,1,1,1,1
1,1,1,1,1,1,1
1,1,1,1,1,1,1
1,1,1,1,1,1,1
2,2,2,2,2,2,2
1,1,1,1,1,1,1
2,2,2,2,2,2,2
3,3,3,3,3,3,3
4,4,4,4,4,4,4
6,4.18181818181818,4.01980198019802,4.001998001998,6,6,6
12,1.09090909090909,0.118811881188119,0.011988011988012,12,12,12
12,1.09090909090909,0.118811881188119,0.011988011988012,12,12,12
1,0.0909090909090909,0.0099009900990099,0.000999000999000999,1,1,1
12,1.09090909090909,0.118811881188119,0.011988011988012,12,12,12
4,0.363636363636364,0.0396039603960396,0.003996003996004,4,4,4
1,0.0909090909090909,0.0099009900990099,0.000999000999000999,1,1,1
6,0.545454545454545,0.0594059405940594,0.00599400599400599,6,6,6
2,0.181818181818182,0.0198019801980198,0.001998001998002,2,2,2
2,1.09090909090909,1.00990099009901,1.000999000999,2,2,2
1,1,1,1,1,1,1
1,1,1,1,1,1,1
1,1,1,1,1,1,1
1,1,1,1,1,1,1
1,1,1,1,1,1,1
1,1,1,1,1,1,1
1,1,1,1,1,1,1
1,1,1,1,1,1,1
1,1,1,1,1,1,1
1,1,1,1,1,1,1
1,1,1,1,1,1,1
1,1,1,1,1,1,1
4,4,4,4,4,4,4
1,1,1,1,1,1,1
6,2.36363636363636,2.03960396039604,2.003996003996,6,6,6
6,1.45454545454545,1.04950495049505,1.004995004995,6,6,6
14,1.27272727272727,0.138613861386139,0.013986013986014,14,14,14
6,0.545454545454545,0.0594059405940594,0.00599400599400599,6,6,6
3,0.272727272727273,0.0297029702970297,0.002997002997003,3,3,3
7,0.636363636363636,0.0693069306930693,0.00699300699300699,7,7,7
11,1,0.108910891089109,0.010989010989011,11,11,11
4,3.09090909090909,3.00990099009901,3.000999000999,4,4,4
4,4,4,4,4,4,4
1,1,1,1,1,1,1
2,2,2,2,2,2,2
1,1,1,1,1,1,1
1,1,1,1,1,1,1
1,1,1,1,1,1,1
2,2,2,2,2,2,2
2,2,2,2,2,2,2
2,2,2,2,2,2,2
2,2,2,2,2,2,2
2,2,2,2,2,2,2
2,2,2,2,2,2,2
2,2,2,2,2,2,2
1,1,1,1,1,1,1
3,3,3,3,3,3,3
1,1,1,1,1,1,1
5,5,5,5,5,5,5
12,3.81818181818182,3.08910891089109,3.00899100899101,12,12,12
21,1.90909090909091,0.207920792079208,0.020979020979021,21,21,21
3,0.272727272727273,0.0297029702970297,0.002997002997003,3,3,3
1,0.0909090909090909,0.0099009900990099,0.000999000999000999,1,1,1
1,0.0909090909090909,0.0099009900990099,0.000999000999000999,1,1,1
13,3.90909090909091,3.0990099009901,3.00999000999001,13,13,13
11,1,0.108910891089109,0.010989010989011,11,11,11
20,3.63636363636364,2.17821782178218,2.01798201798202,20,20,20
1,1,1,1,1,1,1
2,2,2,2,2,2,2
1,1,1,1,1,1,1
1,1,1,1,1,1,1
1,1,1,1,1,1,1
1,1,1,1,1,1,1
1,1,1,1,1,1,1
1,1,1,1,1,1,1
3,3,3,3,3,3,3
3,3,3,3,3,3,3
1,1,1,1,1,1,1
1,1,1,1,1,1,1
2,2,2,2,2,2,2
3,3,3,3,3,3,3
7,7,7,7,7,7,7
5,1.36363636363636,1.03960396039604,1.003996003996,5,5,5
7,0.636363636363636,0.0693069306930693,0.00699300699300699,7,7,7
5,0.454545454545455,0.0495049504950495,0.004995004995005,5,5,5
10,0.909090909090909,0.099009900990099,0.00999000999000999,10,10,10
5,0.454545454545455,0.0495049504950495,0.004995004995005,5,5,5
3,0.272727272727273,0.0297029702970297,0.002997002997003,3,3,3
1,0.0909090909090909,0.0099009900990099,0.000999000999000999,1,1,1
6,0.545454545454545,0.0594059405940594,0.00599400599400599,6,6,6
1,0.0909090909090909,0.0099009900990099,0.000999000999000999,1,1,1
3,0.272727272727273,0.0297029702970297,0.002997002997003,3,3,3
2,0.181818181818182,0.0198019801980198,0.001998001998002,2,2,2
1,0.0909090909090909,0.0099009900990099,0.000999000999000999,1,1,1
1,0.0909090909090909,0.0099009900990099,0.000999000999000999,1,1,1
1,0.0909090909090909,0.0099009900990099,0.000999000999000999,1,1,1
3,0.272727272727273,0.0297029702970297,0.002997002997003,3,3,3
2,0.181818181818182,0.0198019801980198,0.001998001998002,2,2,2
1,0.0909090909090909,0.0099009900990099,0.000999000999000999,1,1,1
1,0.0909090909090909,0.0099009900990099,0.000999000999000999,1,1,1
1,0.0909090909090909,0.0099009900990099,0.000999000999000999,1,1,1
2,0.181818181818182,0.0198019801980198,0.001998001998002,2,2,2
3,0.272727272727273,0.0297029702970297,0.002997002997003,3,3,3
2,0.181818181818182,0.0198019801980198,0.001998001998002,2,2,2
2,0.181818181818182,0.0198019801980198,0.001998001998002,2,2,2
6,0.545454545454545,0.0594059405940594,0.00599400599400599,6,6,6
7,0.636363636363636,0.0693069306930693,0.00699300699300699,7,7,7
12,1.09090909090909,0.118811881188119,0.011988011988012,12,12,12
5,0.454545454545455,0.0495049504950495,0.004995004995005,5,5,5
5,0.454545454545455,0.0495049504950495,0.004995004995005,5,5,5
2,0.181818181818182,0.0198019801980198,0.001998001998002,2,2,2
2,0.181818181818182,0.0198019801980198,0.001998001998002,2,2,2
6,0.545454545454545,0.0594059405940594,0.00599400599400599,6,6,6
1,0.0909090909090909,0.0099009900990099,0.000999000999000999,1,1,1
1,0.0909090909090909,0.0099009900990099,0.000999000999000999,1,1,1
1,0.0909090909090909,0.0099009900990099,0.000999000999000999,1,1,1
1,0.0909090909090909,0.0099009900990099,0.000999000999000999,1,1,1
2,1.09090909090909,1.00990099009901,1.000999000999,2,2,2
1,1,1,1,1,1,1
1,1,1,1,1,1,1
1,1,1,1,1,1,1
2,1.09090909090909,1.00990099009901,1.000999000999,2,2,2
2,1.09090909090909,1.00990099009901,1.000999000999,2,2,2
1,1,1,1,1,1,1
1,1,1,1,1,1,1
1,1,1,1,1,1,1
4,4,4,4,4,4,4
1,1,1,1,1,1,1
3,3,3,3,3,3,3
2,2,2,2,2,2,2
4,4,4,4,4,4,4
4,4,4,4,4,4,4
9,4.45454545454545,4.04950495049505,4.00499500499501,9,9,9
6,0.545454545454545,0.0594059405940594,0.00599400599400599,6,6,6
1,0.0909090909090909,0.0099009900990099,0.000999000999000999,1,1,1
3,2.09090909090909,2.00990099009901,2.000999000999,3,3,3
1,1,1,1,1,1,1
1,1,1,1,1,1,1
2,2,2,2,2,2,2
2,2,2,2,2,2,2
3,3,3,3,3,3,3
3,2.09090909090909,2.00990099009901,2.000999000999,3,3,3
1,0.0909090909090909,0.0099009900990099,0.000999000999000999,1,1,1
1,0.0909090909090909,0.0099009900990099,0.000999000999000999,1,1,1
1,0.0909090909090909,0.0099009900990099,0.000999000999000999,1,1,1
1,0.0909090909090909,0.0099009900990099,0.000999000999000999,1,1,1
1,0.0909090909090909,0.0099009900990099,0.000999000999000999,1,1,1
1,0.0909090909090909,0.0099009900990099,0.000999000999000999,1,1,1
1,0.0909090909090909,0.0099009900990099,0.000999000999000999,1,1,1
1,0.0909090909090909,0.0099009900990099,0.000999000999000999,1,1,1
2,0.181818181818182,0.0198019801980198,0.001998001998002,2,2,2
7,4.27272727272727,4.02970297029703,4.002997002997,7,7,7
3,3,3,3,3,3,3
1,1,1,1,1,1,1
1,1,1,1,1,1,1
4,3.09090909090909,3.00990099009901,3.000999000999,4,4,4
7,6.09090909090909,6.00990099009901,6.000999000999,7,7,7
1,0.0909090909090909,0.0099009900990099,0.000999000999000999,1,1,1
3,0.272727272727273,0.0297029702970297,0.002997002997003,3,3,3
1,0.0909090909090909,0.0099009900990099,0.000999000999000999,1,1,1
1,0.0909090909090909,0.0099009900990099,0.000999000999000999,1,1,1
1,0.0909090909090909,0.0099009900990099,0.000999000999000999,1,1,1
1,0.0909090909090909,0.0099009900990099,0.000999000999000999,1,1,1
1,0.0909090909090909,0.0099009900990099,0.000999000999000999,1,1,1
1,0.0909090909090909,0.0099009900990099,0.000999000999000999,1,1,1
1,0.0909090909090909,0.0099009900990099,0.000999000999000999,1,1,1
1,0.0909090909090909,0.0099009900990099,0.000999000999000999,1,1,1
1,0.0909090909090909,0.0099009900990099,0.000999000999000999,1,1,1
1,0.0909090909090909,0.0099009900990099,0.000999000999000999,1,1,1
1,0.0909090909090909,0.0099009900990099,0.000999000999000999,1,1,1
1,0.0909090909090909,0.0099009900990099,0.000999000999000999,1,1,1
1,0.0909090909090909,0.0099009900990099,0.000999000999000999,1,1,1
1,0.0909090909090909,0.0099009900990099,0.000999000999000999,1,1,1
1,0.0909090909090909,0.0099009900990099,0.000999000999000999,1,1,1
5,3.18181818181818,3.01980198019802,3.001998001998,5,5,5
5,5,5,5,5,5,5
1,1,1,1,1,1,1
4,2.18181818181818,2.01980198019802,2.001998001998,4,4,4
5,0.454545454545455,0.0495049504950495,0.004995004995005,5,5,5
12,1.09090909090909,0.118811881188119,0.011988011988012,12,12,12
3,0.272727272727273,0.0297029702970297,0.002997002997003,3,3,3
1,0.0909090909090909,0.0099009900990099,0.000999000999000999,1,1,1
13,1.18181818181818,0.128712871287129,0.012987012987013,13,13,13
8,0.727272727272727,0.0792079207920792,0.00799200799200799,8,8,8
8,0.727272727272727,0.0792079207920792,0.00799200799200799,8,8,8
7,4.27272727272727,4.02970297029703,4.002997002997,7,7,7
1,0.0909090909090909,0.0099009900990099,0.000999000999000999,1,1,1
1,0.0909090909090909,0.0099009900990099,0.000999000999000999,1,1,1
1,0.0909090909090909,0.0099009900990099,0.000999000999000999,1,1,1
2,1.09090909090909,1.00990099009901,1.000999000999,2,2,2
2,1.09090909090909,1.00990099009901,1.000999000999,2,2,2
1,0.0909090909090909,0.0099009900990099,0.000999000999000999,1,1,1
1,0.0909090909090909,0.0099009900990099,0.000999000999000999,1,1,1
1,0.0909090909090909,0.0099009900990099,0.000999000999000999,1,1,1
1,0.0909090909090909,0.0099009900990099,0.000999000999000999,1,1,1
1,0.0909090909090909,0.0099009900990099,0.000999000999000999,1,1,1
4,3.09090909090909,3.00990099009901,3.000999000999,4,4,4
10,3.63636363636364,3.06930693069307,3.00699300699301,10,10,10
9,0.818181818181818,0.0891089108910891,0.00899100899100899,9,9,9
3,0.272727272727273,0.0297029702970297,0.002997002997003,3,3,3
7,0.636363636363636,0.0693069306930693,0.00699300699300699,7,7,7
1,0.0909090909090909,0.0099009900990099,0.000999000999000999,1,1,1
1,0.0909090909090909,0.0099009900990099,0.000999000999000999,1,1,1
9,0.818181818181818,0.0891089108910891,0.00899100899100899,9,9,9
2,0.181818181818182,0.0198019801980198,0.001998001998002,2,2,2
6,0.545454545454545,0.0594059405940594,0.00599400599400599,6,6,6
1,0.0909090909090909,0.0099009900990099,0.000999000999000999,1,1,1
3,0.272727272727273,0.0297029702970297,0.002997002997003,3,3,3
1,0.0909090909090909,0.0099009900990099,0.000999000999000999,1,1,1
1,0.0909090909090909,0.0099009900990099,0.000999000999000999,1,1,1
1,0.0909090909090909,0.0099009900990099,0.000999000999000999,1,1,1
1,0.0909090909090909,0.0099009900990099,0.000999000999000999,1,1,1
1,0.0909090909090909,0.0099009900990099,0.000999000999000999,1,1,1
1,0.0909090909090909,0.0099009900990099,0.000999000999000999,1,1,1
1,0.0909090909090909,0.0099009900990099,0.000999000999000999,1,1,1
1,0.0909090909090909,0.0099009900990099,0.000999000999000999,1,1,1
1,0.0909090909090909,0.0099009900990099,0.000999000999000999,1,1,1
1,0.0909090909090909,0.0099009900990099,0.000999000999000999,1,1,1
1,0.0909090909090909,0.0099009900990099,0.000999000999000999,1,1,1
2,0.181818181818182,0.0198019801980198,0.001998001998002,2,2,2
4,2.18181818181818,2.01980198019802,2.001998001998,4,4,4
5,5,5,5,5,5,5
3,3,3,3,3,3,3
9,5.36363636363636,5.03960396039604,5.003996003996,9,9,9
14,1.27272727272727,0.138613861386139,0.013986013986014,14,14,14
11,1,0.108910891089109,0.010989010989011,11,11,11
1,0.0909090909090909,0.0099009900990099,0.000999000999000999,1,1,1
1,0.0909090909090909,0.0099009900990099,0.000999000999000999,1,1,1
1,0.0909090909090909,0.0099009900990099,0.000999000999000999,1,1,1
1,0.0909090909090909,0.0099009900990099,0.000999000999000999,1,1,1
4,0.363636363636364,0.0396039603960396,0.003996003996004,4,4,4
10,0.909090909090909,0.099009900990099,0.00999000999000999,10,10,10
26,5.09090909090909,3.22772277227723,3.02297702297702,26,26,26
1,0.0909090909090909,0.0099009900990099,0.000999000999000999,1,1,1
1,0.0909090909090909,0.0099009900990099,0.000999000999000999,1,1,1
1,0.0909090909090909,0.0099009900990099,0.000999000999000999,1,1,1
1,0.0909090909090909,0.0099009900990099,0.000999000999000999,1,1,1
1,0.0909090909090909,0.0099009900990099,0.000999000999000999,1,1,1
1,0.0909090909090909,0.0099009900990099,0.000999000999000999,1,1,1
1,0.0909090909090909,0.0099009900990099,0.000999000999000999,1,1,1
1,0.0909090909090909,0.0099009900990099,0.000999000999000999,1,1,1
1,0.0909090909090909,0.0099009900990099,0.000999000999000999,1,1,1
1,0.0909090909090909,0.0099009900990099,0.000999000999000999,1,1,1
1,0.0909090909090909,0.0099009900990099,0.000999000999000999,1,1,1
4,0.363636363636364,0.0396039603960396,0.003996003996004,4,4,4
1,0.0909090909090909,0.0099009900990099,0.000999000999000999,1,1,1
1,0.0909090909090909,0.0099009900990099,0.000999000999000999,1,1,1
1,0.0909090909090909,0.0099009900990099,0.000999000999000999,1,1,1
2,0.181818181818182,0.0198019801980198,0.001998001998002,2,2,2
5,0.454545454545455,0.0495049504950495,0.004995004995005,5,5,5
3,0.272727272727273,0.0297029702970297,0.002997002997003,3,3,3
9,0.818181818181818,0.0891089108910891,0.00899100899100899,9,9,9
5,0.454545454545455,0.0495049504950495,0.004995004995005,5,5,5
2,0.181818181818182,0.0198019801980198,0.001998001998002,2,2,2
4,0.363636363636364,0.0396039603960396,0.003996003996004,4,4,4
2,0.181818181818182,0.0198019801980198,0.001998001998002,2,2,2
1,0.0909090909090909,0.0099009900990099,0.000999000999000999,1,1,1
1,0.0909090909090909,0.0099009900990099,0.000999000999000999,1,1,1
1,0.0909090909090909,0.0099009900990099,0.000999000999000999,1,1,1
1,0.0909090909090909,0.0099009900990099,0.000999000999000999,1,1,1
1,0.0909090909090909,0.0099009900990099,0.000999000999000999,1,1,1
1,0.0909090909090909,0.0099009900990099,0.000999000999000999,1,1,1
1,0.0909090909090909,0.0099009900990099,0.000999000999000999,1,1,1
1,0.0909090909090909,0.0099009900990099,0.000999000999000999,1,1,1
1,0.0909090909090909,0.0099009900990099,0.000999000999000999,1,1,1
1,0.0909090909090909,0.0099009900990099,0.000999000999000999,1,1,1
1,0.0909090909090909,0.0099009900990099,0.000999000999000999,1,1,1
2,0.181818181818182,0.0198019801980198,0.001998001998002,2,2,2
2,0.181818181818182,0.0198019801980198,0.001998001998002,2,2,2
1,0.0909090909090909,0.0099009900990099,0.000999000999000999,1,1,1
1,0.0909090909090909,0.0099009900990099,0.000999000999000999,1,1,1
9,0.818181818181818,0.0891089108910891,0.00899100899100899,9,9,9
15,1.36363636363636,0.148514851485149,0.014985014985015,15,15,15
4,0.363636363636364,0.0396039603960396,0.003996003996004,4,4,4
2,0.181818181818182,0.0198019801980198,0.001998001998002,2,2,2
2,0.181818181818182,0.0198019801980198,0.001998001998002,2,2,2
1,0.0909090909090909,0.0099009900990099,0.000999000999000999,1,1,1
3,0.272727272727273,0.0297029702970297,0.002997002997003,3,3,3
1,0.0909090909090909,0.0099009900990099,0.000999000999000999,1,1,1
1,0.0909090909090909,0.0099009900990099,0.000999000999000999,1,1,1
1,0.0909090909090909,0.0099009900990099,0.000999000999000999,1,1,1
1,0.0909090909090909,0.0099009900990099,0.000999000999000999,1,1,1
1,0.0909090909090909,0.0099009900990099,0.000999000999000999,1,1,1
1,0.0909090909090909,0.0099009900990099,0.000999000999000999,1,1,1
1,0.0909090909090909,0.0099009900990099,0.000999000999000999,1,1,1
1,0.0909090909090909,0.0099009900990099,0.000999000999000999,1,1,1
1,0.0909090909090909,0.0099009900990099,0.000999000999000999,1,1,1
1,0.0909090909090909,0.0099009900990099,0.000999000999000999,1,1,1
1,0.0909090909090909,0.0099009900990099,0.000999000999000999,1,1,1
1,0.0909090909090909,0.0099009900990099,0.000999000999000999,1,1,1
1,0.0909090909090909,0.0099009900990099,0.000999000999000999,1,1,1
1,0.0909090909090909,0.0099009900990099,0.000999000999000999,1,1,1
5,3.18181818181818,3.01980198019802,3.001998001998,5,5,5
5,5,5,5,5,5,5
5,2.27272727272727,2.02970297029703,2.002997002997,5,5,5
17,1.54545454545455,0.168316831683168,0.016983016983017,17,17,17
1,0.0909090909090909,0.0099009900990099,0.000999000999000999,1,1,1
1,0.0909090909090909,0.0099009900990099,0.000999000999000999,1,1,1
2,0.181818181818182,0.0198019801980198,0.001998001998002,2,2,2
3,0.272727272727273,0.0297029702970297,0.002997002997003,3,3,3
10,0.909090909090909,0.099009900990099,0.00999000999000999,10,10,10
1,0.0909090909090909,0.0099009900990099,0.000999000999000999,1,1,1
7,0.636363636363636,0.0693069306930693,0.00699300699300699,7,7,7
4,0.363636363636364,0.0396039603960396,0.003996003996004,4,4,4
4,0.363636363636364,0.0396039603960396,0.003996003996004,4,4,4
1,0.0909090909090909,0.0099009900990099,0.000999000999000999,1,1,1
1,0.0909090909090909,0.0099009900990099,0.000999000999000999,1,1,1
1,0.0909090909090909,0.0099009900990099,0.000999000999000999,1,1,1
1,0.0909090909090909,0.0099009900990099,0.000999000999000999,1,1,1
1,0.0909090909090909,0.0099009900990099,0.000999000999000999,1,1,1
1,0.0909090909090909,0.0099009900990099,0.000999000999000999,1,1,1
1,0.0909090909090909,0.0099009900990099,0.000999000999000999,1,1,1
1,0.0909090909090909,0.0099009900990099,0.000999000999000999,1,1,1
1,0.0909090909090909,0.0099009900990099,0.000999000999000999,1,1,1
1,0.0909090909090909,0.0099009900990099,0.000999000999000999,1,1,1
1,0.0909090909090909,0.0099009900990099,0.000999000999000999,1,1,1
1,0.0909090909090909,0.0099009900990099,0.000999000999000999,1,1,1
4,0.363636363636364,0.0396039603960396,0.003996003996004,4,4,4
1,0.0909090909090909,0.0099009900990099,0.000999000999000999,1,1,1
8,0.727272727272727,0.0792079207920792,0.00799200799200799,8,8,8
7,0.636363636363636,0.0693069306930693,0.00699300699300699,7,7,7
3,0.272727272727273,0.0297029702970297,0.002997002997003,3,3,3
1,0.0909090909090909,0.0099009900990099,0.000999000999000999,1,1,1
2,0.181818181818182,0.0198019801980198,0.001998001998002,2,2,2
1,0.0909090909090909,0.0099009900990099,0.000999000999000999,1,1,1
3,0.272727272727273,0.0297029702970297,0.002997002997003,3,3,3
2,0.181818181818182,0.0198019801980198,0.001998001998002,2,2,2
2,0.181818181818182,0.0198019801980198,0.001998001998002,2,2,2
1,0.0909090909090909,0.0099009900990099,0.000999000999000999,1,1,1
1,0.0909090909090909,0.0099009900990099,0.000999000999000999,1,1,1
1,0.0909090909090909,0.0099009900990099,0.000999000999000999,1,1,1
1,0.0909090909090909,0.0099009900990099,0.000999000999000999,1,1,1
1,0.0909090909090909,0.0099009900990099,0.000999000999000999,1,1,1
2,0.181818181818182,0.0198019801980198,0.001998001998002,2,2,2
1,0.0909090909090909,0.0099009900990099,0.000999000999000999,1,1,1
1,0.0909090909090909,0.0099009900990099,0.000999000999000999,1,1,1
1,0.0909090909090909,0.0099009900990099,0.000999000999000999,1,1,1
1,0.0909090909090909,0.0099009900990099,0.000999000999000999,1,1,1
1,0.0909090909090909,0.0099009900990099,0.000999000999000999,1,1,1
1,0.0909090909090909,0.0099009900990099,0.000999000999000999,1,1,1
2,0.181818181818182,0.0198019801980198,0.001998001998002,2,2,2
1,0.0909090909090909,0.0099009900990099,0.000999000999000999,1,1,1
6,0.545454545454545,0.0594059405940594,0.00599400599400599,6,6,6
7,0.636363636363636,0.0693069306930693,0.00699300699300699,7,7,7
4,0.363636363636364,0.0396039603960396,0.003996003996004,4,4,4
5,0.454545454545455,0.0495049504950495,0.004995004995005,5,5,5
3,0.272727272727273,0.0297029702970297,0.002997002997003,3,3,3
4,0.363636363636364,0.0396039603960396,0.003996003996004,4,4,4
4,0.363636363636364,0.0396039603960396,0.003996003996004,4,4,4
5,3.18181818181818,3.01980198019802,3.001998001998,5,5,5
2,2,2,2,2,2,2
1,1,1,1,1,1,1
3,2.09090909090909,2.00990099009901,2.000999000999,3,3,3
1,0.0909090909090909,0.0099009900990099,0.000999000999000999,1,1,1
1,0.0909090909090909,0.0099009900990099,0.000999000999000999,1,1,1
1,0.0909090909090909,0.0099009900990099,0.000999000999000999,1,1,1
1,0.0909090909090909,0.0099009900990099,0.000999000999000999,1,1,1
1,0.0909090909090909,0.0099009900990099,0.000999000999000999,1,1,1
1,0.0909090909090909,0.0099009900990099,0.000999000999000999,1,1,1
1,0.0909090909090909,0.0099009900990099,0.000999000999000999,1,1,1
1,0.0909090909090909,0.0099009900990099,0.000999000999000999,1,1,1
1,0.0909090909090909,0.0099009900990099,0.000999000999000999,1,1,1
1,0.0909090909090909,0.0099009900990099,0.000999000999000999,1,1,1
1,0.0909090909090909,0.0099009900990099,0.000999000999000999,1,1,1
1,0.0909090909090909,0.0099009900990099,0.000999000999000999,1,1,1
3,2.09090909090909,2.00990099009901,2.000999000999,3,3,3
4,3.09090909090909,3.00990099009901,3.000999000999,4,4,4
1,0.0909090909090909,0.0099009900990099,0.000999000999000999,1,1,1
1,0.0909090909090909,0.0099009900990099,0.000999000999000999,1,1,1
3,0.272727272727273,0.0297029702970297,0.002997002997003,3,3,3
3,0.272727272727273,0.0297029702970297,0.002997002997003,3,3,3
8,4.36363636363636,4.03960396039604,4.003996003996,8,8,8
4,4,4,4,4,4,4
1,1,1,1,1,1,1
2,2,2,2,2,2,2
1,1,1,1,1,1,1
1,1,1,1,1,1,1
1,1,1,1,1,1,1
1,1,1,1,1,1,1
1,1,1,1,1,1,1
2,1.09090909090909,1.00990099009901,1.000999000999,2,2,2
2,1.09090909090909,1.00990099009901,1.000999000999,2,2,2
1,1,1,1,1,1,1
1,1,1,1,1,1,1
1,1,1,1,1,1,1
1,1,1,1,1,1,1
1,1,1,1,1,1,1
1,1,1,1,1,1,1
1,1,1,1,1,1,1
1,1,1,1,1,1,1
7,7,7,7,7,7,7
2,2,2,2,2,2,2
1,1,1,1,1,1,1
2,1.09090909090909,1.00990099009901,1.000999000999,2,2,2
6,3.27272727272727,3.02970297029703,3.002997002997,6,6,6
1,1,1,1,1,1,1
4,4,4,4,4,4,4
1,1,1,1,1,1,1
1,1,1,1,1,1,1
1,1,1,1,1,1,1
1,1,1,1,1,1,1
2,2,2,2,2,2,2
2,2,2,2,2,2,2
1,1,1,1,1,1,1
2,1.09090909090909,1.00990099009901,1.000999000999,2,2,2
2,1.09090909090909,1.00990099009901,1.000999000999,2,2,2
1,1,1,1,1,1,1
1,1,1,1,1,1,1
1,1,1,1,1,1,1
1,1,1,1,1,1,1
1,1,1,1,1,1,1
1,1,1,1,1,1,1
1,1,1,1,1,1,1
6,6,6,6,6,6,6
1,1,1,1,1,1,1
1,1,1,1,1,1,1
1,1,1,1,1,1,1
1,1,1,1,1,1,1
7,5.18181818181818,5.01980198019802,5.001998001998,7,7,7
1,0.0909090909090909,0.0099009900990099,0.000999000999000999,1,1,1
1,0.0909090909090909,0.0099009900990099,0.000999000999000999,1,1,1
2,1.09090909090909,1.00990099009901,1.000999000999,2,2,2
1,1,1,1,1,1,1
1,1,1,1,1,1,1
1,1,1,1,1,1,1
1,1,1,1,1,1,1
1,1,1,1,1,1,1
1,1,1,1,1,1,1
1,1,1,1,1,1,1
1,1,1,1,1,1,1
1,1,1,1,1,1,1
1,1,1,1,1,1,1
1,1,1,1,1,1,1
1,1,1,1,1,1,1
1,1,1,1,1,1,1
1,1,1,1,1,1,1
1,1,1,1,1,1,1
1,1,1,1,1,1,1
1,1,1,1,1,1,1
1,1,1,1,1,1,1
1,1,1,1,1,1,1
1,1,1,1,1,1,1
1,1,1,1,1,1,1
1,1,1,1,1,1,1
3,2.09090909090909,2.00990099009901,2.000999000999,3,3,3
5,4.09090909090909,4.00990099009901,4.000999000999,5,5,5
6,4.18181818181818,4.01980198019802,4.001998001998,6,6,6
2,2,2,2,2,2,2
1,1,1,1,1,1,1
2,2,2,2,2,2,2
1,1,1,1,1,1,1
1,1,1,1,1,1,1
1,1,1,1,1,1,1
1,1,1,1,1,1,1
1,1,1,1,1,1,1
1,1,1,1,1,1,1
1,1,1,1,1,1,1
1,1,1,1,1,1,1
1,1,1,1,1,1,1
1,1,1,1,1,1,1
1,1,1,1,1,1,1
1,1,1,1,1,1,1
1,1,1,1,1,1,1
1,1,1,1,1,1,1
1,1,1,1,1,1,1
1,1,1,1,1,1,1
1,1,1,1,1,1,1
1,1,1,1,1,1,1
3,1.18181818181818,1.01980198019802,1.001998001998,3,3,3
2,0.181818181818182,0.0198019801980198,0.001998001998002,2,2,2
1,0.0909090909090909,0.0099009900990099,0.000999000999000999,1,1,1
3,2.09090909090909,2.00990099009901,2.000999000999,3,3,3
2,2,2,2,2,2,2
1,1,1,1,1,1,1
1,1,1,1,1,1,1
1,1,1,1,1,1,1
1,1,1,1,1,1,1
1,1,1,1,1,1,1
2,2,2,2,2,2,2
1,1,1,1,1,1,1
1,1,1,1,1,1,1
1,1,1,1,1,1,1
1,1,1,1,1,1,1
1,1,1,1,1,1,1
2,2,2,2,2,2,2
2,2,2,2,2,2,2
3,3,3,3,3,3,3
1,1,1,1,1,1,1
1,1,1,1,1,1,1
1,1,1,1,1,1,1
1,1,1,1,1,1,1
1,1,1,1,1,1,1
1,1,1,1,1,1,1
1,1,1,1,1,1,1
1,1,1,1,1,1,1
1,1,1,1,1,1,1
1,1,1,1,1,1,1
1,1,1,1,1,1,1
1,1,1,1,1,1,1
1,1,1,1,1,1,1
1,1,1,1,1,1,1
1,1,1,1,1,1,1
1,1,1,1,1,1,1
1,1,1,1,1,1,1
1,1,1,1,1,1,1
1,1,1,1,1,1,1
1,1,1,1,1,1,1
1,1,1,1,1,1,1
1,1,1,1,1,1,1
1,1,1,1,1,1,1
1,1,1,1,1,1,1
1,1,1,1,1,1,1
1,1,1,1,1,1,1
1,1,1,1,1,1,1
1,1,1,1,1,1,1
1,1,1,1,1,1,1
1,1,1,1,1,1,1
1,1,1,1,1,1,1
1,1,1,1,1,1,1
1,1,1,1,1,1,1
1,1,1,1,1,1,1
1,1,1,1,1,1,1
1,1,1,1,1,1,1
1,1,1,1,1,1,1
1,1,1,1,1,1,1
1,1,1,1,1,1,1
1,1,1,1,1,1,1
1,1,1,1,1,1,1
1,1,1,1,1,1,1
1,1,1,1,1,1,1
1,1,1,1,1,1,1
1,1,1,1,1,1,1
1,1,1,1,1,1,1
1,1,1,1,1,1,1
1,1,1,1,1,1,1
1,1,1,1,1,1,1
1,1,1,1,1,1,1
1,1,1,1,1,1,1
3,2.09090909090909,2.00990099009901,2.000999000999,3,3,3
5,0.454545454545455,0.0495049504950495,0.004995004995005,5,5,5
2,0.181818181818182,0.0198019801980198,0.001998001998002,2,2,2
1,0.0909090909090909,0.0099009900990099,0.000999000999000999,1,1,1
3,0.272727272727273,0.0297029702970297,0.002997002997003,3,3,3
1,0.0909090909090909,0.0099009900990099,0.000999000999000999,1,1,1
1,0.0909090909090909,0.0099009900990099,0.000999000999000999,1,1,1
1,0.0909090909090909,0.0099009900990099,0.000999000999000999,1,1,1
3,0.272727272727273,0.0297029702970297,0.002997002997003,3,3,3
1,0.0909090909090909,0.0099009900990099,0.000999000999000999,1,1,1
6,3.27272727272727,3.02970297029703,3.002997002997,6,6,6
3,2.09090909090909,2.00990099009901,2.000999000999,3,3,3
2,1.09090909090909,1.00990099009901,1.000999000999,2,2,2
1,1,1,1,1,1,1
2,1.09090909090909,1.00990099009901,1.000999000999,2,2,2
3,1.18181818181818,1.01980198019802,1.001998001998,3,3,3
2,0.181818181818182,0.0198019801980198,0.001998001998002,2,2,2
4,0.363636363636364,0.0396039603960396,0.003996003996004,4,4,4
2,0.181818181818182,0.0198019801980198,0.001998001998002,2,2,2
1,0.0909090909090909,0.0099009900990099,0.000999000999000999,1,1,1
2,0.181818181818182,0.0198019801980198,0.001998001998002,2,2,2
1,0.0909090909090909,0.0099009900990099,0.000999000999000999,1,1,1
1,0.0909090909090909,0.0099009900990099,0.000999000999000999,1,1,1
1,0.0909090909090909,0.0099009900990099,0.000999000999000999,1,1,1
1,0.0909090909090909,0.0099009900990099,0.000999000999000999,1,1,1
3,0.272727272727273,0.0297029702970297,0.002997002997003,3,3,3
3,0.272727272727273,0.0297029702970297,0.002997002997003,3,3,3
1,0.0909090909090909,0.0099009900990099,0.000999000999000999,1,1,1
1,0.0909090909090909,0.0099009900990099,0.000999000999000999,1,1,1
1,0.0909090909090909,0.0099009900990099,0.000999000999000999,1,1,1
1,0.0909090909090909,0.0099009900990099,0.000999000999000999,1,1,1
1,0.0909090909090909,0.0099009900990099,0.000999000999000999,1,1,1
1,0.0909090909090909,0.0099009900990099,0.000999000999000999,1,1,1
1,0.0909090909090909,0.0099009900990099,0.000999000999000999,1,1,1
1,0.0909090909090909,0.0099009900990099,0.000999000999000999,1,1,1
3,0.272727272727273,0.0297029702970297,0.002997002997003,3,3,3
2,1.09090909090909,1.00990099009901,1.000999000999,2,2,2
1,1,1,1,1,1,1
1,1,1,1,1,1,1
1,1,1,1,1,1,1
1,1,1,1,1,1,1
2,1.09090909090909,1.00990099009901,1.000999000999,2,2,2
2,1.09090909090909,1.00990099009901,1.000999000999,2,2,2
1,1,1,1,1,1,1
2,2,2,2,2,2,2
1,1,1,1,1,1,1
3,3,3,3,3,3,3
1,1,1,1,1,1,1
3,3,3,3,3,3,3
1,1,1,1,1,1,1
1,1,1,1,1,1,1
1,1,1,1,1,1,1
1,1,1,1,1,1,1
1,1,1,1,1,1,1
1,1,1,1,1,1,1
2,2,2,2,2,2,2
2,2,2,2,2,2,2
1,1,1,1,1,1,1
1,1,1,1,1,1,1
1,1,1,1,1,1,1
1,1,1,1,1,1,1
2,2,2,2,2,2,2
2,2,2,2,2,2,2
3,3,3,3,3,3,3
1,1,1,1,1,1,1
1,1,1,1,1,1,1
1,1,1,1,1,1,1
1,1,1,1,1,1,1
1,1,1,1,1,1,1
1,1,1,1,1,1,1
1,1,1,1,1,1,1
1,1,1,1,1,1,1
1,1,1,1,1,1,1
1,1,1,1,1,1,1
1,1,1,1,1,1,1
1,1,1,1,1,1,1
1,1,1,1,1,1,1
4,1.27272727272727,1.02970297029703,1.002997002997,4,4,4
4,1.27272727272727,1.02970297029703,1.002997002997,4,4,4
1,1,1,1,1,1,1
1,1,1,1,1,1,1
1,1,1,1,1,1,1
1,1,1,1,1,1,1
1,1,1,1,1,1,1
1,1,1,1,1,1,1
1,1,1,1,1,1,1
1,1,1,1,1,1,1
1,1,1,1,1,1,1
1,1,1,1,1,1,1
1,1,1,1,1,1,1
1,1,1,1,1,1,1
1,1,1,1,1,1,1
1,1,1,1,1,1,1
1,1,1,1,1,1,1
1,1,1,1,1,1,1
1,1,1,1,1,1,1
1,1,1,1,1,1,1
1,1,1,1,1,1,1
1,1,1,1,1,1,1
1,1,1,1,1,1,1
1,1,1,1,1,1,1
1,1,1,1,1,1,1
1,1,1,1,1,1,1
1,1,1,1,1,1,1
3,3,3,3,3,3,3
3,3,3,3,3,3,3
1,1,1,1,1,1,1
1,1,1,1,1,1,1
1,1,1,1,1,1,1
1,1,1,1,1,1,1
1,1,1,1,1,1,1
1,1,1,1,1,1,1
1,1,1,1,1,1,1
1,1,1,1,1,1,1
1,1,1,1,1,1,1
1,1,1,1,1,1,1
1,1,1,1,1,1,1
1,1,1,1,1,1,1
1,1,1,1,1,1,1
1,1,1,1,1,1,1
1,1,1,1,1,1,1
1,1,1,1,1,1,1
1,1,1,1,1,1,1
1,1,1,1,1,1,1
1,1,1,1,1,1,1
1,1,1,1,1,1,1
1,1,1,1,1,1,1
1,1,1,1,1,1,1
1,1,1,1,1,1,1
1,1,1,1,1,1,1
1,1,1,1,1,1,1
1,1,1,1,1,1,1
3,3,3,3,3,3,3
3,3,3,3,3,3,3
1,1,1,1,1,1,1
1,1,1,1,1,1,1
1,1,1,1,1,1,1
1,1,1,1,1,1,1
1,1,1,1,1,1,1
1,1,1,1,1,1,1
1,1,1,1,1,1,1
1,1,1,1,1,1,1
1,1,1,1,1,1,1
1,1,1,1,1,1,1
1,1,1,1,1,1,1
2,2,2,2,2,2,2
2,2,2,2,2,2,2
1,1,1,1,1,1,1
1,1,1,1,1,1,1
1,1,1,1,1,1,1
1,1,1,1,1,1,1
1,1,1,1,1,1,1
1,1,1,1,1,1,1
1,1,1,1,1,1,1
1,1,1,1,1,1,1
1,1,1,1,1,1,1
1,1,1,1,1,1,1
1,1,1,1,1,1,1
1,1,1,1,1,1,1
1,1,1,1,1,1,1
1,1,1,1,1,1,1
1,1,1,1,1,1,1
1,1,1,1,1,1,1
1,1,1,1,1,1,1
1,1,1,1,1,1,1
1,1,1,1,1,1,1
1,1,1,1,1,1,1
1,1,1,1,1,1,1
1,1,1,1,1,1,1
1,1,1,1,1,1,1
1,1,1,1,1,1,1
1,1,1,1,1,1,1
1,1,1,1,1,1,1
3,2.09090909090909,2.00990099009901,2.000999000999,3,3,3
3,2.09090909090909,2.00990099009901,2.000999000999,3,3,3
1,1,1,1,1,1,1
1,1,1,1,1,1,1
1,1,1,1,1,1,1
1,1,1,1,1,1,1
1,1,1,1,1,1,1
1,1,1,1,1,1,1
1,1,1,1,1,1,1
1,1,1,1,1,1,1
1,1,1,1,1,1,1
1,1,1,1,1,1,1
1,1,1,1,1,1,1
1,1,1,1,1,1,1
2,1.09090909090909,1.00990099009901,1.000999000999,2,2,2
2,1.09090909090909,1.00990099009901,1.000999000999,2,2,2
1,1,1,1,1,1,1
1,1,1,1,1,1,1
1,1,1,1,1,1,1
1,1,1,1,1,1,1
1,1,1,1,1,1,1
1,1,1,1,1,1,1
1,1,1,1,1,1,1
1,1,1,1,1,1,1
1,1,1,1,1,1,1
1,1,1,1,1,1,1
1,1,1,1,1,1,1
1,1,1,1,1,1,1
1,1,1,1,1,1,1
1,1,1,1,1,1,1
1,1,1,1,1,1,1
1,1,1,1,1,1,1
1,1,1,1,1,1,1
1,1,1,1,1,1,1
1,1,1,1,1,1,1
1,1,1,1,1,1,1
1,1,1,1,1,1,1
1,1,1,1,1,1,1
1,1,1,1,1,1,1
1,1,1,1,1,1,1
1,1,1,1,1,1,1
1,1,1,1,1,1,1
1,1,1,1,1,1,1
1,1,1,1,1,1,1
1,1,1,1,1,1,1
1,1,1,1,1,1,1
1,1,1,1,1,1,1
1,1,1,1,1,1,1
1,1,1,1,1,1,1
1,1,1,1,1,1,1
1,1,1,1,1,1,1
1,1,1,1,1,1,1
2,2,2,2,2,2,2
2,2,2,2,2,2,2
1,1,1,1,1,1,1
1,1,1,1,1,1,1
1,1,1,1,1,1,1
1,1,1,1,1,1,1
1,1,1,1,1,1,1
1,1,1,1,1,1,1
1,1,1,1,1,1,1
1,1,1,1,1,1,1
1,1,1,1,1,1,1
1,1,1,1,1,1,1
1,1,1,1,1,1,1
1,1,1,1,1,1,1
1,1,1,1,1,1,1
1,1,1,1,1,1,1
1,1,1,1,1,1,1
1,1,1,1,1,1,1
1,1,1,1,1,1,1
1,1,1,1,1,1,1
1,1,1,1,1,1,1
1,1,1,1,1,1,1
1,1,1,1,1,1,1
1,1,1,1,1,1,1
1,1,1,1,1,1,1
1,1,1,1,1,1,1
1,1,1,1,1,1,1
1,1,1,1,1,1,1
1,1,1,1,1,1,1
1,1,1,1,1,1,1
1,1,1,1,1,1,1
1,1,1,1,1,1,1
1,1,1,1,1,1,1
1,1,1,1,1,1,1
1,1,1,1,1,1,1
1,1,1,1,1,1,1
1,1,1,1,1,1,1
1,1,1,1,1,1,1
1,1,1,1,1,1,1
1,1,1,1,1,1,1
1,1,1,1,1,1,1
1,1,1,1,1,1,1
1,1,1,1,1,1,1
1,1,1,1,1,1,1
1,1,1,1,1,1,1
1,1,1,1,1,1,1
1,1,1,1,1,1,1
1,1,1,1,1,1,1
1,1,1,1,1,1,1
1,1,1,1,1,1,1
1,1,1,1,1,1,1
1,1,1,1,1,1,1
1,1,1,1,1,1,1
1,1,1,1,1,1,1
1,1,1,1,1,1,1
1,1,1,1,1,1,1
1,1,1,1,1,1,1
1,1,1,1,1,1,1
1,1,1,1,1,1,1
1,1,1,1,1,1,1
1,1,1,1,1,1,1
1,1,1,1,1,1,1
1,1,1,1,1,1,1
1,1,1,1,1,1,1
1,1,1,1,1,1,1
1,1,1,1,1,1,1
1,1,1,1,1,1,1
1,1,1,1,1,1,1
1,1,1,1,1,1,1
1,1,1,1,1,1,1
1,1,1,1,1,1,1
1,1,1,1,1,1,1
1,1,1,1,1,1,1
1,1,1,1,1,1,1
1,1,1,1,1,1,1
1,1,1,1,1,1,1
1,1,1,1,1,1,1
1,1,1,1,1,1,1
1,1,1,1,1,1,1
1,1,1,1,1,1,1
1,1,1,1,1,1,1
1,1,1,1,1,1,1
1,1,1,1,1,1,1
1,1,1,1,1,1,1
1,1,1,1,1,1,1
1,1,1,1,1,1,1
1,1,1,1,1,1,1
1,1,1,1,1,1,1
1,1,1,1,1,1,1
1,1,1,1,1,1,1
1,1,1,1,1,1,1
1,1,1,1,1,1,1
1,1,1,1,1,1,1
1,1,1,1,1,1,1
1,1,1,1,1,1,1
1,1,1,1,1,1,1
1,1,1,1,1,1,1
1,1,1,1,1,1,1
1,1,1,1,1,1,1
1,1,1,1,1,1,1
1,1,1,1,1,1,1
1,1,1,1,1,1,1
1,1,1,1,1,1,1
1,1,1,1,1,1,1
1,1,1,1,1,1,1
1,1,1,1,1,1,1
1,1,1,1,1,1,1
1,1,1,1,1,1,1
1,1,1,1,1,1,1
1,1,1,1,1,1,1
1,1,1,1,1,1,1
1,1,1,1,1,1,1
1,1,1,1,1,1,1
1,1,1,1,1,1,1
1,1,1,1,1,1,1
1,1,1,1,1,1,1
1,1,1,1,1,1,1
1,1,1,1,1,1,1
1,1,1,1,1,1,1
1,1,1,1,1,1,1
1,1,1,1,1,1,1
1,1,1,1,1,1,1
1,1,1,1,1,1,1
1,1,1,1,1,1,1
1,1,1,1,1,1,1
1,1,1,1,1,1,1
1,1,1,1,1,1,1
1,1,1,1,1,1,1
1,1,1,1,1,1,1
1,1,1,1,1,1,1
1,1,1,1,1,1,1
1,1,1,1,1,1,1
1,1,1,1,1,1,1
1,1,1,1,1,1,1
1,1,1,1,1,1,1
1,1,1,1,1,1,1
1,1,1,1,1,1,1
1,1,1,1,1,1,1
1,1,1,1,1,1,1
1,1,1,1,1,1,1
1,1,1,1,1,1,1
1,1,1,1,1,1,1
1,1,1,1,1,1,1
1,1,1,1,1,1,1
1,1,1,1,1,1,1
1,1,1,1,1,1,1
1,1,1,1,1,1,1
1,1,1,1,1,1,1
1,1,1,1,1,1,1
1,1,1,1,1,1,1
1,1,1,1,1,1,1
1,1,1,1,1,1,1
1,1,1,1,1,1,1
1,1,1,1,1,1,1
1,1,1,1,1,1,1
1,1,1,1,1,1,1
1,1,1,1,1,1,1
1,1,1,1,1,1,1
1,1,1,1,1,1,1
1,1,1,1,1,1,1
1,1,1,1,1,1,1
1,1,1,1,1,1,1
1,1,1,1,1,1,1
1,1,1,1,1,1,1
1,1,1,1,1,1,1
1,1,1,1,1,1,1
1,1,1,1,1,1,1
1,1,1,1,1,1,1
1,1,1,1,1,1,1
1,1,1,1,1,1,1
1,1,1,1,1,1,1
1,1,1,1,1,1,1
1,1,1,1,1,1,1
1,1,1,1,1,1,1
1,1,1,1,1,1,1
1,1,1,1,1,1,1
1,1,1,1,1,1,1
1,1,1,1,1,1,1
1,1,1,1,1,1,1
1,1,1,1,1,1,1
1,1,1,1,1,1,1
1,1,1,1,1,1,1
1,1,1,1,1,1,1
1,1,1,1,1,1,1
1,1,1,1,1,1,1
1,1,1,1,1,1,1
1,1,1,1,1,1,1
1,1,1,1,1,1,1
1,1,1,1,1,1,1
1,1,1,1,1,1,1
1,1,1,1,1,1,1
1,1,1,1,1,1,1
1,1,1,1,1,1,1
1,1,1,1,1,1,1
1,1,1,1,1,1,1
1,1,1,1,1,1,1
1,1,1,1,1,1,1
1,1,1,1,1,1,1
1,1,1,1,1,1,1
1,1,1,1,1,1,1
1,1,1,1,1,1,1
1,1,1,1,1,1,1
1,1,1,1,1,1,1
1,1,1,1,1,1,1
1,1,1,1,1,1,1
1,1,1,1,1,1,1
1,1,1,1,1,1,1
1,1,1,1,1,1,1
1,1,1,1,1,1,1
1,1,1,1,1,1,1
1,1,1,1,1,1,1
1,1,1,1,1,1,1
1,1,1,1,1,1,1
1,1,1,1,1,1,1
1,1,1,1,1,1,1
1,1,1,1,1,1,1
1,1,1,1,1,1,1
1,1,1,1,1,1,1
1,1,1,1,1,1,1
1,1,1,1,1,1,1
1,1,1,1,1,1,1
1,1,1,1,1,1,1
1,1,1,1,1,1,1
1,1,1,1,1,1,1
1,1,1,1,1,1,1
1,1,1,1,1,1,1
1,1,1,1,1,1,1
1,1,1,1,1,1,1
1,1,1,1,1,1,1
1,1,1,1,1,1,1
1,1,1,1,1,1,1
1,1,1,1,1,1,1
1,1,1,1,1,1,1
1,1,1,1,1,1,1
1,1,1,1,1,1,1
1,1,1,1,1,1,1
1,1,1,1,1,1,1
1,1,1,1,1,1,1
1,1,1,1,1,1,1
1,1,1,1,1,1,1
1,1,1,1,1,1,1
1,1,1,1,1,1,1
1,1,1,1,1,1,1
1,1,1,1,1,1,1
1,1,1,1,1,1,1
1,1,1,1,1,1,1
1,1,1,1,1,1,1
1,1,1,1,1,1,1
1,1,1,1,1,1,1
1,1,1,1,1,1,1
1,1,1,1,1,1,1
1,1,1,1,1,1,1
1,1,1,1,1,1,1
1,1,1,1,1,1,1
1,1,1,1,1,1,1
1,1,1,1,1,1,1
1,1,1,1,1,1,1
1,1,1,1,1,1,1
1,1,1,1,1,1,1
1,1,1,1,1,1,1
1,1,1,1,1,1,1
1,1,1,1,1,1,1
1,1,1,1,1,1,1
1,1,1,1,1,1,1
1,1,1,1,1,1,1
1,1,1,1,1,1,1
1,1,1,1,1,1,1
1,1,1,1,1,1,1
1,1,1,1,1,1,1
1,1,1,1,1,1,1
1,1,1,1,1,1,1
1,1,1,1,1,1,1
1,1,1,1,1,1,1
1,1,1,1,1,1,1
1,1,1,1,1,1,1
1,1,1,1,1,1,1
1,1,1,1,1,1,1
1,1,1,1,1,1,1
1,1,1,1,1,1,1
1,1,1,1,1,1,1
1,1,1,1,1,1,1
1,1,1,1,1,1,1
1,1,1,1,1,1,1
1,1,1,1,1,1,1
1,1,1,1,1,1,1
1,1,1,1,1,1,1
1,1,1,1,1,1,1
1,1,1,1,1,1,1
1,1,1,1,1,1,1
1,1,1,1,1,1,1
1,1,1,1,1,1,1
1,1,1,1,1,1,1
1,1,1,1,1,1,1
1,1,1,1,1,1,1
1,1,1,1,1,1,1
1,1,1,1,1,1,1
1,1,1,1,1,1,1
1,1,1,1,1,1,1
1,1,1,1,1,1,1
1,1,1,1,1,1,1
1,1,1,1,1,1,1
1,1,1,1,1,1,1
1,1,1,1,1,1,1
1,1,1,1,1,1,1
1,1,1,1,1,1,1
1,1,1,1,1,1,1
4,2.18181818181818,2.01980198019802,2.001998001998,4,4,4
4,2.18181818181818,2.01980198019802,2.001998001998,4,4,4
1,1,1,1,1,1,1
1,1,1,1,1,1,1
1,1,1,1,1,1,1
1,1,1,1,1,1,1
1,1,1,1,1,1,1
1,1,1,1,1,1,1
1,1,1,1,1,1,1
1,1,1,1,1,1,1
1,1,1,1,1,1,1
1,1,1,1,1,1,1
1,1,1,1,1,1,1
1,1,1,1,1,1,1
1,1,1,1,1,1,1
1,1,1,1,1,1,1
1,1,1,1,1,1,1
1,1,1,1,1,1,1
1,1,1,1,1,1,1
1,1,1,1,1,1,1
1,1,1,1,1,1,1
2,2,2,2,2,2,2
2,2,2,2,2,2,2
1,1,1,1,1,1,1
1,1,1,1,1,1,1
1,1,1,1,1,1,1
1,1,1,1,1,1,1
1,1,1,1,1,1,1
1,1,1,1,1,1,1
1,1,1,1,1,1,1
1,1,1,1,1,1,1
